# C:\Users\raysm\workspace\python\PlantInvasion\out\gmi_ulA42_375619_O-71_187014_lRA42_370701_O-71_181421_640x640_sc1z19_h_mr45_png.imageinfo
# Apr 19 2020 14:29:14

ulLat=42.375618543422775
ulLong=-71.18701351966247
lrLat=42.37070145657723
lrLong=-71.18142119783754
mapRotate=45.0
